 	objlabelArray	ACIMajor	ACIMinor	MajorAngle	Dap
1	obj1-val2244	7.14	3.07	13.45	2
2	obj2-val3142	6.21	4.83	66.61	3
3	obj3-val3591	4.08	3.52	17.10	2
4	obj4-val4938	8.60	4.28	68.96	2
5	obj5-val5835	7.75	5.27	4.32	3
6	obj6-val6284	5.09	2.91	10.62	2
7	obj7-val7182	9.29	5.86	14.50	3
8	obj8-val7631	5.87	3.08	23.96	2
9	obj9-val8080	7.34	5.13	75.70	3
10	obj10-val8529	2.64	2.41	63.43	1
11	obj11-val8977	8.83	3.04	19.83	3
12	obj12-val9426	8.76	8.01	45	3
13	obj13-val9875	3.34	2.35	10.30	2
14	obj14-val10324	1.96	1.33	51.34	1
15	obj15-val10773	10.08	4.21	19.03	3
16	obj16-val11222	4.37	2.73	35.75	2
17	obj17-val11671	6.93	4.10	4.97	2
18	obj18-val12119	4.91	2.43	39.61	2
19	obj19-val12568	9.76	5.58	9.75	3
20	obj20-val13017	6.64	5.33	7.77	3
21	obj21-val13466	13.90	2.63	18.22	3
22	obj22-val13915	7.01	5.21	75.07	3
23	obj23-val14364	14.69	4.13	3.65	4
24	obj24-val14813	5.32	4.89	41.76	3
25	obj25-val15262	10.69	4.34	28.98	3
26	obj26-val15710	2.44	1.80	57.26	1
27	obj27-val16159	8.36	4.62	13.78	3
28	obj28-val16608	8.81	6.03	57.99	3
29	obj29-val17057	9.00	4.42	37.45	3
30	obj30-val17506	9.43	5.03	3.58	3
31	obj31-val17955	4.83	2.79	22.11	2
32	obj32-val18404	6.45	3.71	9.27	2
33	obj33-val19301	6.76	3.50	16.31	2
34	obj34-val19750	7.78	5.86	75.14	3
35	obj35-val20199	10.63	3.59	4.70	3
36	obj36-val20648	8.27	4.10	7.52	2
37	obj37-val21097	6.54	5.40	84.81	3
38	obj38-val21546	8.40	5.56	11.51	3
39	obj39-val21995	7.11	4.17	14.93	2
40	obj40-val22443	0.88	0.74	38.66	1
41	obj41-val23341	4.55	3.83	16.39	2
42	obj42-val23790	3.58	2.86	76.50	3
43	obj43-val24239	7.05	4.84	4.48	3
44	obj44-val24688	6.99	5.23	55.98	3
45	obj45-val25137	4.44	3.96	32.01	2
46	obj46-val25586	9.61	4.16	8.13	3
47	obj47-val26034	8.11	4.18	19.13	3
48	obj48-val26932	5.71	2.88	7.70	2
49	obj49-val27830	1.81	1.30	48.01	1
50	obj50-val28279	7.65	5.15	12.91	3
51	obj51-val28728	7.88	4.70	32.12	3
52	obj52-val29177	5.28	4.92	37.75	3
53	obj53-val29625	5.78	4.92	8.13	3
54	obj54-val30074	6.73	5.41	2.54	2
55	obj55-val30523	8.22	3.96	15.26	3
56	obj56-val30972	9.70	4.15	15.82	2
57	obj57-val31421	10.22	5.17	12.80	3
58	obj58-val32319	10.61	3.60	19.77	3
59	obj59-val32768	9.21	3.61	6.88	3
60	obj60-val33665	8.18	4.60	11.73	3
61	obj61-val34563	2.86	1.90	2.49	2
62	obj62-val35012	6.77	4.23	8.65	3
63	obj63-val35461	7.07	5.32	61.86	3
64	obj64-val35910	5.59	3.64	21.80	3
65	obj65-val36358	8.11	6.12	16.50	3
66	obj66-val36807	8.16	6.37	14.53	3
67	obj67-val37256	5.56	3.59	18.92	2
68	obj68-val37705	6.60	4.03	24.08	3
69	obj69-val38154	2.29	1.75	36.87	1
70	obj70-val39501	7.20	4.23	50.53	3
71	obj71-val39949	7.38	3.82	21.12	4
72	obj72-val40398	4.10	3.13	84.47	2
73	obj73-val40847	5.42	3.89	31.50	3
74	obj74-val41296	6.57	4.84	15.59	3
75	obj75-val41745	7.51	4.85	11.31	3
76	obj76-val42194	5.56	3.47	75.62	3
77	obj77-val42643	3.99	2.81	73.50	2
78	obj78-val43092	4.66	3.04	9.16	2
79	obj79-val43540	1.57	0.94	74.74	2
80	obj80-val43989	6.16	5.00	57.85	2
81	obj81-val44887	10.39	2.26	3.37	3
82	obj82-val45336	7.30	2.63	7.97	3
83	obj83-val45785	7.79	5.57	15.35	3
84	obj84-val46234	4.94	2.28	3.69	2
85	obj85-val46682	4.94	2.36	21.80	2
86	obj86-val47131	8.62	4.23	19.13	3
87	obj87-val47580	1.09	0.53	49.40	1
88	obj88-val48478	5.95	3.03	12.38	2
89	obj89-val48927	7.12	4.96	3.58	3
90	obj90-val49376	5.25	4.69	53.13	3
91	obj91-val49825	1.90	1.62	21.04	1
92	obj92-val50722	7.31	4.02	14.53	3
93	obj93-val51171	5.56	3.13	73.01	3
94	obj94-val51620	9.42	3.99	8.39	4
95	obj95-val52069	7.62	4.90	17.02	3
96	obj96-val52518	1.98	0.54	51.34	1
97	obj97-val53416	8.85	6.09	19.75	3
98	obj98-val53864	3.06	2.84	71.57	3
99	obj99-val54762	6.58	3.08	15.26	2
100	obj100-val55211	2.17	1.54	65.22	2
101	obj101-val56109	6.12	3.31	60.71	2
102	obj102-val56558	5.00	2.30	18.43	3
103	obj103-val57904	4.36	1.97	10.30	3
104	obj104-val58353	2.70	1.72	25.35	2
105	obj105-val58802	3.04	2.61	16.70	3
106	obj106-val59251	7.69	3.04	32.74	3
107	obj107-val59700	2.28	1.25	36.87	1
108	obj108-val61046	2.46	2.08	14.04	2
109	obj109-val61495	4.17	2.56	10.12	2
110	obj110-val61944	2.31	1.67	43.03	1
111	obj111-val62393	2.37	1.46	75.07	2
112	obj112-val62842	3.36	1.23	58.57	2
113	obj113-val63291	2.45	1.30	64.98	1
114	obj114-val63740	15.98	4.13	3.61	4
115	obj115-val64188	0.84	0.45	18.43	1
116	obj116-val64637	5.57	3.79	8.33	2
117	obj117-val65535	NaN	NaN	NaN	1
