 	objlabelArray	ACIMajor	ACIMinor	MajorAngle	Dap
1	obj1-val3827	6.05	3.83	46.85	2
2	obj2-val4305	9.13	6.73	27.35	3
3	obj3-val4784	4.67	3.55	3.27	2
4	obj4-val5262	9.71	5.40	26.97	3
5	obj5-val5740	5.64	3.22	25.11	2
6	obj6-val6219	5.16	2.45	18.43	2
7	obj7-val6697	7.77	3.22	12.41	3
8	obj8-val7175	8.95	5.41	66.93	3
9	obj9-val7654	10.20	3.90	53.97	2
10	obj10-val8132	6.31	3.62	30.96	2
11	obj11-val9089	2.85	1.56	14.04	2
12	obj12-val9567	7.65	4.83	77.59	3
13	obj13-val10046	8.56	7.71	31.68	2
14	obj14-val10524	2.80	2.16	8.13	2
15	obj15-val11002	4.77	3.09	73.81	2
16	obj16-val11481	8.59	5.30	66.57	3
17	obj17-val11959	4.83	2.92	5.36	3
18	obj18-val12437	3.73	2.51	24.62	2
19	obj19-val12916	5.02	4.07	7.91	3
20	obj20-val13394	6.39	3.58	4.09	3
21	obj21-val13872	6.26	5.01	6.95	2
22	obj22-val14351	6.46	4.89	27.15	3
23	obj23-val14829	11.34	3.14	11.77	3
24	obj24-val15307	8.95	6.01	14.04	3
25	obj25-val15786	10.86	4.00	18.43	4
26	obj26-val16264	4.79	3.93	59.35	2
27	obj27-val16743	7.97	3.79	53.13	3
28	obj28-val17221	10.45	4.98	40.60	4
29	obj29-val17699	6.78	5.16	56.98	2
30	obj30-val18178	9.90	6.57	30.96	2
31	obj31-val18656	10.57	4.70	7.13	4
32	obj32-val19134	9.95	6.93	34.35	4
33	obj33-val19613	8.91	5.16	29.41	3
34	obj34-val20091	6.05	4.42	4.29	3
35	obj35-val20569	7.16	4.58	19.98	3
36	obj36-val21048	6.15	2.21	57.34	3
37	obj37-val21526	9.69	4.50	41.05	4
38	obj38-val22004	7.18	4.99	23.96	2
39	obj39-val22483	8.77	7.05	26.57	3
40	obj40-val22961	7.93	5.80	14.80	3
41	obj41-val23440	6.43	4.79	80.54	3
42	obj42-val23918	8.82	5.39	36.87	3
43	obj43-val24396	7.20	4.87	32.12	4
44	obj44-val24875	8.08	4.15	4.57	3
45	obj45-val25353	8.01	5.39	47.94	3
46	obj46-val25831	7.43	3.77	22.44	3
47	obj47-val26310	5.15	3.69	24.44	2
48	obj48-val27266	5.24	3.40	63.43	3
49	obj49-val27745	6.03	4.10	22.07	3
50	obj50-val28223	6.03	4.08	39.47	3
51	obj51-val28701	6.35	4.13	82.18	3
52	obj52-val29180	7.01	4.28	22.89	2
53	obj53-val29658	4.25	3.24	25.71	3
54	obj54-val30137	8.91	3.16	24.36	3
55	obj55-val30615	6.78	5.69	18.43	4
56	obj56-val31093	8.52	5.41	10.89	3
57	obj57-val31572	8.77	2.97	21.25	2
58	obj58-val32050	9.85	2.67	32.47	3
59	obj59-val32528	5.79	2.51	74.62	3
60	obj60-val33007	5.07	1.49	51.07	2
61	obj61-val33485	5.92	3.74	44.03	2
62	obj62-val33963	5.26	3.28	22.99	4
63	obj63-val34442	7.21	2.11	11.53	3
64	obj64-val34920	6.80	4.02	31.18	4
65	obj65-val35398	6.40	4.23	33.02	3
66	obj66-val35877	4.28	2.35	79.51	3
67	obj67-val36355	5.39	2.83	51.58	2
68	obj68-val36834	4.15	1.77	5.91	3
69	obj69-val37312	5.49	3.37	21.25	4
70	obj70-val37790	6.86	3.56	26.57	3
71	obj71-val38269	8.64	1.97	11.94	3
72	obj72-val38747	NaN	NaN	NaN	3
73	obj73-val39225	6.00	5.51	41.28	3
74	obj74-val39704	5.77	2.80	58.50	3
75	obj75-val40182	5.45	2.30	77.12	3
76	obj76-val40660	3.93	2.11	17.24	2
77	obj77-val41139	4.83	2.04	12.99	3
78	obj78-val41617	6.30	3.38	75.65	3
79	obj79-val42095	9.26	5.08	15.95	2
80	obj80-val42574	6.46	3.50	12.09	2
81	obj81-val43052	6.70	4.41	21.80	3
82	obj82-val43531	8.02	6.20	13.30	3
83	obj83-val44009	12.93	3.64	17.49	3
84	obj84-val44487	7.37	3.71	15.15	4
85	obj85-val44966	7.15	3.34	28.14	2
86	obj86-val45444	6.35	4.12	39.47	3
87	obj87-val45922	5.24	2.69	49.76	3
88	obj88-val46401	5.21	3.69	6.79	4
89	obj89-val46879	6.94	3.71	12.53	2
90	obj90-val47357	4.08	3.21	24.90	3
91	obj91-val47836	5.67	2.44	5.44	3
92	obj92-val48314	5.50	3.16	11.31	3
93	obj93-val48792	7.33	2.69	23.50	3
94	obj94-val49271	4.39	2.42	51.63	3
95	obj95-val49749	7.67	4.60	34.56	3
96	obj96-val50228	7.92	3.72	2.16	3
97	obj97-val50706	7.64	4.60	47.42	3
98	obj98-val51184	7.64	3.96	24.94	3
99	obj99-val51663	8.47	5.54	6.88	3
100	obj100-val52141	4.08	3.01	19.80	4
101	obj101-val52619	5.24	3.47	55.92	3
102	obj102-val53098	4.42	2.85	78.31	3
103	obj103-val53576	5.46	5.11	33.34	3
104	obj104-val54054	7.21	1.83	49.76	3
105	obj105-val54533	7.09	5.14	78.23	3
106	obj106-val55011	8.67	2.42	17.35	3
107	obj107-val55489	5.11	1.01	16.70	3
108	obj108-val55968	8.12	3.21	3.24	2
109	obj109-val56446	6.27	2.58	6.95	3
110	obj110-val56925	7.08	2.43	4.57	3
111	obj111-val57403	4.49	2.84	24.78	3
112	obj112-val57881	2.50	0.84	42.71	2
113	obj113-val58360	4.68	3.79	72.76	4
114	obj114-val58838	3.94	2.99	70.82	3
115	obj115-val59316	6.06	1.32	20.10	2
116	obj116-val59795	7.51	4.32	42.71	3
117	obj117-val60273	3.47	1.98	85.43	2
118	obj118-val60751	1.74	1.49	24.44	3
119	obj119-val61230	5.40	3.82	27.30	3
120	obj120-val61708	3.16	2.40	27.76	3
121	obj121-val62665	6.29	4.25	9.93	3
122	obj122-val63143	3.89	1.92	59.42	2
123	obj123-val63622	4.16	2.71	32.62	3
124	obj124-val64100	6.24	3.85	19.57	3
125	obj125-val64578	4.43	3.31	16.39	3
126	obj126-val65057	2.76	0.57	30.96	2
