 	objlabelArray	ACIMajor	ACIMinor	MajorAngle	Dap
1	obj1-val4307	7.29	4.79	31.53	2
2	obj2-val4615	11.44	6.78	3.87	3
3	obj3-val4923	9.10	4.74	10.06	2
4	obj4-val5230	6.46	3.35	33.69	2
5	obj5-val6461	4.40	2.54	64.29	2
6	obj6-val6769	4.83	1.47	13.13	2
7	obj7-val7077	1.21	0.34	40.60	1
8	obj8-val7384	2.73	1.41	45	1
9	obj9-val7692	6.42	2.86	12.38	2
10	obj10-val8000	6.21	3.17	29.05	2
11	obj11-val8615	5.25	3.34	13.24	2
12	obj12-val8923	7.53	6.10	42.58	2
13	obj13-val9230	6.10	4.38	71.57	2
14	obj14-val9538	8.68	4.01	13.80	2
15	obj15-val9846	5.96	4.42	46.68	2
16	obj16-val10153	NaN	NaN	NaN	3
17	obj17-val10461	7.03	4.81	31.76	2
18	obj18-val11076	4.80	2.35	31.26	2
19	obj19-val11692	8.26	3.92	22.44	3
20	obj20-val11999	12.63	4.04	11.45	3
21	obj21-val12307	6.18	4.83	68.96	2
22	obj22-val12922	5.84	2.89	3.47	2
23	obj23-val13230	2.61	0.97	30.96	1
24	obj24-val13845	5.66	3.16	35.71	2
25	obj25-val14153	4.49	3.30	22.17	2
26	obj26-val14461	7.90	5.38	21.61	3
27	obj27-val15076	8.82	3.66	13.80	2
28	obj28-val15384	11.36	4.15	29.74	3
29	obj29-val15691	4.86	3.01	12.99	2
30	obj30-val15999	7.10	5.69	67.38	3
31	obj31-val16615	5.46	3.16	4.51	2
32	obj32-val16922	7.98	5.01	55.44	3
33	obj33-val17230	5.73	5.11	39.61	2
34	obj34-val17538	9.15	4.35	23.46	3
35	obj35-val17845	5.61	2.20	23.20	2
36	obj36-val18153	8.00	4.95	9.46	3
37	obj37-val18461	4.87	3.24	12.88	3
38	obj38-val18768	3.43	3.05	16.26	2
39	obj39-val19076	6.69	3.40	43.15	3
40	obj40-val19384	6.60	4.65	24.78	3
41	obj41-val19691	7.43	3.91	17.02	3
42	obj42-val19999	3.55	2.73	6.84	2
43	obj43-val20307	6.82	4.18	18.43	2
44	obj44-val20614	4.12	2.37	29.25	2
45	obj45-val20922	4.91	2.21	16.70	2
46	obj46-val21230	1.89	0.63	21.80	1
47	obj47-val21537	4.87	3.42	19.54	3
48	obj48-val21845	6.79	4.23	26.57	2
49	obj49-val22153	3.88	2.39	34.29	2
50	obj50-val22460	6.80	4.38	3.50	3
51	obj51-val22768	8.44	6.94	49.18	3
52	obj52-val23076	6.65	4.30	58.13	2
53	obj53-val23383	4.55	3.59	10.95	2
54	obj54-val23691	5.39	4.51	11.89	3
55	obj55-val23999	6.44	4.83	5.08	3
56	obj56-val24306	2.78	2.17	55.49	1
57	obj57-val24614	7.92	2.08	6.58	2
58	obj58-val24922	5.14	4.95	64.80	2
59	obj59-val25229	6.87	4.76	34.70	3
60	obj60-val25537	7.29	3.65	11.53	2
61	obj61-val25845	4.42	4.16	59.35	3
62	obj62-val26152	4.37	2.34	7.13	2
63	obj63-val26460	7.15	3.61	42.18	2
64	obj64-val26768	2.42	1.28	29.74	1
65	obj65-val27075	4.06	2.70	13.57	2
66	obj66-val27383	4.65	3.93	19.54	3
67	obj67-val27691	8.27	3.96	73.20	3
68	obj68-val27999	5.47	3.60	25.11	3
69	obj69-val28306	8.56	3.20	4.32	3
70	obj70-val28614	6.15	3.18	5.08	3
71	obj71-val28922	5.68	2.49	7.91	2
72	obj72-val29229	5.94	2.69	52.52	2
73	obj73-val29537	5.08	4.02	56.31	2
74	obj74-val29845	5.21	3.98	69.62	3
75	obj75-val30152	8.73	3.56	9.95	3
76	obj76-val30460	7.06	5.33	28.93	3
77	obj77-val30768	7.80	7.60	40.97	3
78	obj78-val31075	9.05	2.40	2.01	2
79	obj79-val31383	1.19	0.89	18.43	1
80	obj80-val31691	4.84	2.58	40.03	3
81	obj81-val31998	6.48	3.47	6.63	3
82	obj82-val32306	7.78	4.05	7.97	3
83	obj83-val32614	4.55	2.11	54.69	2
84	obj84-val32921	5.14	4.60	3.01	3
85	obj85-val33229	6.35	5.22	10.54	2
86	obj86-val33537	7.32	2.15	4.86	3
87	obj87-val33844	6.64	3.18	9.25	3
88	obj88-val34152	2.82	1.42	49.40	1
89	obj89-val34460	5.03	2.93	10.01	2
90	obj90-val34767	5.87	3.90	18.43	2
91	obj91-val35075	1.39	1.08	36.87	1
92	obj92-val35383	4.24	2.44	57.26	2
93	obj93-val35690	5.70	2.67	7.50	3
94	obj94-val35998	1.40	0.81	26.57	1
95	obj95-val36306	6.56	4.33	41.19	3
96	obj96-val36613	6.73	2.49	50.36	3
97	obj97-val36921	6.38	4.21	9.21	3
98	obj98-val37229	6.49	3.91	60.57	3
99	obj99-val37536	5.92	2.77	22.62	2
100	obj100-val38152	3.96	3.55	13.57	2
101	obj101-val38460	8.00	4.83	51.84	3
102	obj102-val38767	7.04	5.60	16.93	3
103	obj103-val39075	6.17	4.59	17.20	3
104	obj104-val39383	8.97	2.93	60.26	3
105	obj105-val39690	5.89	5.18	11.59	3
106	obj106-val39998	8.71	3.39	4.47	3
107	obj107-val40306	1.80	1.50	22.62	2
108	obj108-val40613	5.43	3.21	39.99	2
109	obj109-val40921	3.09	2.35	67.17	2
110	obj110-val41229	5.62	3.63	18.43	2
111	obj111-val41536	3.11	1.51	5.44	2
112	obj112-val41844	5.40	3.97	39.40	2
113	obj113-val42152	7.03	4.52	8.53	3
114	obj114-val42459	8.08	3.07	6.58	2
115	obj115-val42767	4.88	3.52	12.34	2
116	obj116-val43075	5.54	4.37	40.16	3
117	obj117-val43690	6.69	3.23	33.02	3
118	obj118-val43998	8.37	6.46	8.28	4
119	obj119-val44305	8.74	5.14	5.19	5
120	obj120-val44613	5.77	2.97	66.80	2
121	obj121-val44921	4.36	2.46	21.45	2
122	obj122-val45228	7.86	4.13	7.39	3
123	obj123-val45536	5.26	4.18	53.75	3
124	obj124-val45844	6.34	3.31	10.54	3
125	obj125-val46151	5.99	2.37	11.04	2
126	obj126-val46459	4.03	2.73	77.47	3
127	obj127-val46767	7.80	2.21	14.04	3
128	obj128-val47074	5.28	3.31	8.13	3
129	obj129-val47382	6.25	1.64	45	3
130	obj130-val47690	4.64	2.90	16.50	2
131	obj131-val47997	8.02	4.61	10.20	3
132	obj132-val48920	5.95	3.35	61.70	3
133	obj133-val49228	4.33	3.74	20.14	3
134	obj134-val49536	6.85	3.94	11.07	3
135	obj135-val49844	5.90	4.62	36.03	3
136	obj136-val50151	8.84	3.44	8.84	3
137	obj137-val50767	8.92	6.16	20.22	3
138	obj138-val51074	4.71	2.68	37.57	3
139	obj139-val51382	4.76	4.00	3.58	3
140	obj140-val51690	6.68	3.56	67.56	3
141	obj141-val51997	6.81	2.23	19.29	3
142	obj142-val52305	5.00	3.16	32.74	3
143	obj143-val52613	8.04	3.32	18.43	3
144	obj144-val52920	6.28	2.52	9.09	3
145	obj145-val53228	3.60	3.26	83.42	2
146	obj146-val53536	2.44	1.82	17.53	2
147	obj147-val53843	5.96	3.48	27.26	3
148	obj148-val54151	5.61	5.05	30.26	3
149	obj149-val54459	5.83	4.31	11.31	3
150	obj150-val54766	4.88	3.68	51.84	2
151	obj151-val55074	3.35	1.30	18.43	2
152	obj152-val55382	1.81	1.14	59.04	1
153	obj153-val56305	4.27	1.24	62.59	2
154	obj154-val56612	5.43	1.92	17.45	2
155	obj155-val56920	5.81	3.96	2.73	3
156	obj156-val57228	4.17	2.29	5.04	3
157	obj157-val57535	2.11	1.49	36.03	2
158	obj158-val57843	5.69	3.80	56.31	3
159	obj159-val58151	3.98	2.65	6.12	3
160	obj160-val58458	2.11	1.50	53.13	2
161	obj161-val58766	8.03	3.49	5.10	4
162	obj162-val59074	4.89	2.93	22.38	3
163	obj163-val59381	6.60	2.30	26.57	3
164	obj164-val59689	2.91	1.83	18.43	3
165	obj165-val59997	6.69	2.38	28.81	3
166	obj166-val60305	4.36	3.19	54.69	3
167	obj167-val60920	2.61	1.63	56.31	2
168	obj168-val61228	6.61	4.06	28.81	3
169	obj169-val61535	12.59	5.22	5.78	5
170	obj170-val61843	5.68	3.61	23.20	3
171	obj171-val62151	4.32	2.73	4.40	3
172	obj172-val62458	2.59	1.69	6.01	3
173	obj173-val62766	4.36	2.88	19.03	2
174	obj174-val63074	4.91	1.21	47.49	3
175	obj175-val63381	2.70	1.28	18.43	2
176	obj176-val63997	3.39	2.08	51.34	3
177	obj177-val64612	3.60	1.16	1.91	2
178	obj178-val64920	4.98	3.04	21.25	3
179	obj179-val65227	1.83	0.59	33.69	1
180	obj180-val65535	5.18	3.05	18.43	3
