 	objlabelArray	ACIMajor	ACIMinor	MajorAngle	Dap
1	obj1-val2601	6.40	5.46	30.26	2
2	obj2-val3121	6.35	5.70	8.13	2
3	obj3-val3641	13.04	7.64	46.88	4
4	obj4-val4161	4.16	2.30	65.85	1
5	obj5-val4681	5.07	3.11	60.46	2
6	obj6-val5201	8.52	3.03	6.46	3
7	obj7-val5721	5.19	3.00	71.57	2
8	obj8-val6241	8.33	6.43	85.84	3
9	obj9-val6762	7.23	5.53	34.33	3
10	obj10-val7282	8.56	8.00	39.14	3
11	obj11-val7802	8.67	5.35	7.25	3
12	obj12-val8842	6.70	5.05	19.29	3
13	obj13-val9362	8.30	4.11	4.24	4
14	obj14-val9882	5.76	3.20	36.57	2
15	obj15-val10402	5.70	5.05	55.95	3
16	obj16-val10923	6.74	5.52	58.13	3
17	obj17-val11443	6.48	3.94	72.00	3
18	obj18-val11963	5.92	5.44	5.31	3
19	obj19-val12483	8.74	4.41	22.69	3
20	obj20-val13003	5.78	2.89	17.45	2
21	obj21-val13523	4.80	2.48	18.82	2
22	obj22-val14043	3.30	2.43	50.19	3
23	obj23-val14563	13.52	5.01	11.85	4
24	obj24-val15083	7.63	4.84	23.63	4
25	obj25-val15604	10.93	5.55	23.09	3
26	obj26-val16124	8.95	4.96	22.54	3
27	obj27-val16644	6.87	2.46	16.31	2
28	obj28-val17164	7.25	3.63	53.62	3
29	obj29-val17684	5.26	3.85	80.27	3
30	obj30-val18204	5.51	5.28	52.25	3
31	obj31-val18724	8.39	4.19	14.30	3
32	obj32-val19244	8.34	4.49	15.95	3
33	obj33-val19765	5.34	4.42	22.83	3
34	obj34-val20285	3.44	2.71	7.35	3
35	obj35-val20805	4.55	2.42	9.46	3
36	obj36-val21325	5.18	3.67	20.56	2
37	obj37-val21845	5.08	3.32	17.35	2
38	obj38-val22365	8.98	3.74	20.22	3
39	obj39-val22885	5.00	4.31	7.31	3
40	obj40-val23405	9.93	5.29	21.64	3
41	obj41-val23925	5.72	4.71	56.98	3
42	obj42-val24446	4.41	3.11	84.47	3
43	obj43-val24966	5.18	3.16	33.23	3
44	obj44-val25486	5.06	4.32	3.37	3
45	obj45-val26006	7.48	4.19	72.30	3
46	obj46-val26526	6.80	2.61	71.20	3
47	obj47-val27046	3.34	2.09	52.70	3
48	obj48-val27566	5.27	4.25	81.63	3
49	obj49-val28086	5.69	2.67	18.89	3
50	obj50-val28607	7.48	5.37	59.42	4
51	obj51-val29127	6.22	3.74	53.39	3
52	obj52-val29647	5.34	2.98	21.50	2
53	obj53-val30167	6.75	3.69	9.69	2
54	obj54-val30687	3.35	1.96	66.80	3
55	obj55-val31207	5.80	3.96	20.38	3
56	obj56-val31727	4.71	2.79	8.62	3
57	obj57-val32247	12.71	5.21	20.56	4
58	obj58-val32768	4.70	3.51	17.88	3
59	obj59-val33288	5.78	3.90	78.11	3
60	obj60-val33808	5.55	4.01	60.46	3
61	obj61-val34328	6.13	5.50	43.21	4
62	obj62-val34848	6.18	2.94	11.04	3
63	obj63-val35368	5.91	2.90	20.73	3
64	obj64-val35888	6.34	2.12	35.71	3
65	obj65-val36408	7.72	3.81	30.17	3
66	obj66-val36928	5.32	4.44	34.99	3
67	obj67-val37449	5.02	2.15	62.65	3
68	obj68-val37969	4.45	2.94	76.43	4
69	obj69-val38489	6.18	3.70	69.78	3
70	obj70-val39009	7.19	2.14	2.49	4
71	obj71-val39529	2.37	1.96	54.46	2
72	obj72-val40049	3.42	1.75	26.57	3
73	obj73-val40569	6.50	2.92	29.17	3
74	obj74-val41089	8.66	3.10	31.48	3
75	obj75-val41610	8.85	2.98	18.74	4
76	obj76-val42130	7.05	4.67	32.12	4
77	obj77-val42650	5.91	3.59	12.99	2
78	obj78-val43170	6.33	4.01	1.30	3
79	obj79-val43690	6.11	3.67	43.03	3
80	obj80-val44210	4.30	2.09	68.84	3
81	obj81-val44730	4.39	2.05	49.18	3
82	obj82-val45250	6.55	3.28	14.68	3
83	obj83-val45770	4.74	4.32	72.55	3
84	obj84-val46291	7.53	3.34	26.03	3
85	obj85-val46811	6.91	5.22	14.04	3
86	obj86-val47331	10.68	3.33	20.66	3
87	obj87-val47851	9.58	4.32	27.90	3
88	obj88-val48371	8.75	2.18	17.42	2
89	obj89-val48891	5.26	4.13	6.01	3
90	obj90-val49411	5.68	4.36	59.30	3
91	obj91-val49931	7.66	5.99	53.81	3
92	obj92-val50452	5.57	2.00	5.86	3
93	obj93-val50972	5.65	4.45	48.24	3
94	obj94-val51492	3.07	1.77	46.97	2
95	obj95-val52012	10.39	5.21	19.49	3
96	obj96-val52532	7.21	4.37	12.76	3
97	obj97-val53052	7.64	3.35	5.60	3
98	obj98-val53572	13.48	2.63	8.13	4
99	obj99-val54092	8.89	4.25	4.27	3
100	obj100-val54613	9.36	3.97	16.97	3
101	obj101-val55133	5.69	2.18	20.22	2
102	obj102-val55653	3.85	3.00	74.05	2
103	obj103-val56173	7.92	6.24	20.56	3
104	obj104-val56693	6.87	4.27	27.65	3
105	obj105-val57213	7.64	4.49	28.61	3
106	obj106-val57733	7.18	3.98	10.84	2
107	obj107-val58253	5.43	4.62	25.91	3
108	obj108-val58773	6.90	1.58	17.20	3
109	obj109-val59294	7.10	2.26	40.60	2
110	obj110-val59814	5.15	4.27	41.05	3
111	obj111-val60334	5.14	3.13	24.30	3
112	obj112-val60854	5.24	3.48	5.04	3
113	obj113-val61374	7.76	4.31	17.74	3
114	obj114-val61894	4.65	2.92	11.31	2
115	obj115-val62414	9.92	4.28	28.12	3
116	obj116-val62934	8.39	3.82	16.26	4
117	obj117-val63455	7.59	6.14	24.44	2
118	obj118-val63975	8.75	2.78	32.32	2
119	obj119-val64495	5.37	4.43	23.96	3
120	obj120-val65015	2.20	1.76	45	3
121	obj121-val65535	7.70	5.02	45	2
