 	objlabelArray	ACIMajor	ACIMinor	MajorAngle	Dap
1	obj1-val3058	6.15	3.91	7.77	2
2	obj2-val3495	8.48	8.13	23.33	3
3	obj3-val3932	3.60	2.27	78.23	2
4	obj4-val4369	7.33	3.73	21.19	2
5	obj5-val4806	6.27	3.83	1.33	2
6	obj6-val5243	12.08	6.58	34.88	3
7	obj7-val5680	3.78	3.16	22.93	2
8	obj8-val6117	4.66	3.01	35.22	2
9	obj9-val6554	5.25	3.59	57.65	2
10	obj10-val6990	6.62	5.58	30.34	2
11	obj11-val7427	7.15	3.39	48.18	3
12	obj12-val7864	7.42	7.21	14.62	2
13	obj13-val8301	7.30	6.20	34.62	3
14	obj14-val8738	6.58	5.53	6.79	2
15	obj15-val9175	6.52	3.43	15.59	2
16	obj16-val10049	2.19	1.34	26.57	2
17	obj17-val10486	5.53	4.07	10.71	3
18	obj18-val10923	5.34	4.86	41.19	3
19	obj19-val11359	5.83	3.27	27.90	2
20	obj20-val11796	7.18	4.83	26.57	3
21	obj21-val12233	4.92	4.45	36.57	2
22	obj22-val12670	4.69	4.43	64.80	3
23	obj23-val13107	6.49	4.90	32.57	3
24	obj24-val13981	9.28	4.01	25.02	2
25	obj25-val14418	5.53	4.62	52.52	3
26	obj26-val14855	12.80	5.30	51.80	4
27	obj27-val15292	4.96	3.21	82.30	3
28	obj28-val15728	7.42	4.99	80.73	4
29	obj29-val16165	8.35	2.08	20.56	3
30	obj30-val16602	7.71	5.48	23.33	4
31	obj31-val17039	7.43	2.47	29.60	3
32	obj32-val17476	3.90	3.37	12.09	2
33	obj33-val17913	6.53	4.39	45	3
34	obj34-val18350	2.37	1.40	17.35	2
35	obj35-val18787	5.76	4.04	61.50	3
36	obj36-val19224	6.39	4.07	50.91	3
37	obj37-val19661	10.34	6.02	69.34	4
38	obj38-val20097	5.00	2.41	7.50	2
39	obj39-val20534	7.97	5.04	64.86	4
40	obj40-val20971	5.24	2.74	10.78	3
41	obj41-val21408	1.94	1.66	63.43	1
42	obj42-val21845	6.82	2.98	18.43	2
43	obj43-val22282	9.60	3.64	17.57	3
44	obj44-val22719	3.23	2.25	45	3
45	obj45-val23156	4.83	2.93	9.46	2
46	obj46-val23593	8.00	3.29	71.57	3
47	obj47-val24030	6.75	3.88	15.02	2
48	obj48-val24466	5.02	4.08	67.01	3
49	obj49-val24903	5.81	5.10	78.96	3
50	obj50-val25340	7.96	4.94	25.60	3
51	obj51-val25777	5.52	3.65	18.92	3
52	obj52-val26214	8.56	6.03	33.69	3
53	obj53-val26651	9.73	5.47	5.19	3
54	obj54-val27088	4.72	2.62	8.88	2
55	obj55-val27525	8.06	4.16	70.94	4
56	obj56-val27962	12.93	5.02	23.20	3
57	obj57-val28399	5.28	3.42	57.53	3
58	obj58-val28835	7.87	4.38	27.60	3
59	obj59-val29272	7.57	4.02	13.09	3
60	obj60-val29709	7.99	3.96	29.88	3
61	obj61-val30146	6.51	3.63	40.16	4
62	obj62-val30583	5.60	3.79	75.96	3
63	obj63-val31020	7.66	4.29	38.48	3
64	obj64-val31457	8.04	3.14	11.50	3
65	obj65-val31894	3.44	2.03	9.09	2
66	obj66-val32331	2.03	0.98	8.75	1
67	obj67-val32768	7.31	5.35	67.29	3
68	obj68-val33204	5.77	3.88	50.19	4
69	obj69-val33641	3.50	2.14	34.99	3
70	obj70-val34078	6.99	4.22	12.53	3
71	obj71-val34515	12.64	3.32	5.64	3
72	obj72-val34952	4.73	3.97	85.10	3
73	obj73-val35389	8.29	2.23	63.43	2
74	obj74-val35826	9.14	4.50	61.39	4
75	obj75-val36263	4.34	3.46	45	4
76	obj76-val36700	5.63	3.40	12.53	4
77	obj77-val37137	4.65	3.34	51.07	3
78	obj78-val37573	4.71	3.57	28.18	3
79	obj79-val38010	8.13	4.80	2.05	3
80	obj80-val38447	5.69	4.70	15.12	4
81	obj81-val38884	4.52	2.65	65.22	4
82	obj82-val39321	4.45	3.07	5.36	3
83	obj83-val39758	5.61	3.37	70.02	3
84	obj84-val40195	6.84	5.38	38.85	4
85	obj85-val40632	6.09	5.04	12.80	3
86	obj86-val41069	4.34	3.38	63.43	4
87	obj87-val41506	8.05	3.96	5.60	3
88	obj88-val41942	4.12	3.51	74.93	4
89	obj89-val42379	4.34	2.50	72.76	4
90	obj90-val42816	8.64	4.67	38.81	3
91	obj91-val43253	5.89	2.05	2.86	3
92	obj92-val43690	9.26	3.18	15.00	2
93	obj93-val44127	5.07	4.02	85.36	3
94	obj94-val44564	4.06	1.42	65.22	3
95	obj95-val45001	8.54	5.17	8.67	3
96	obj96-val45438	5.26	1.93	33.69	3
97	obj97-val46311	8.07	4.98	20.43	3
98	obj98-val46748	6.24	3.80	21.54	2
99	obj99-val47185	6.27	5.42	14.86	4
100	obj100-val47622	6.53	3.74	13.45	4
101	obj101-val48059	5.61	4.32	20.56	3
102	obj102-val48496	5.13	3.49	50.83	3
103	obj103-val48933	1.46	1.06	78.69	2
104	obj104-val49370	6.83	2.56	35.27	3
105	obj105-val49807	6.39	4.59	30.74	4
106	obj106-val50244	6.45	4.18	5.19	3
107	obj107-val50680	7.50	5.01	9.64	3
108	obj108-val51117	3.58	3.29	86.05	2
109	obj109-val51554	5.16	2.80	28.07	3
110	obj110-val51991	8.10	1.79	3.12	2
111	obj111-val52428	7.56	3.21	3.30	3
112	obj112-val52865	5.06	2.25	25.02	3
113	obj113-val53302	4.69	3.86	20.77	3
114	obj114-val53739	6.00	2.93	3.50	3
115	obj115-val54176	5.49	2.78	25.82	3
116	obj116-val54613	4.05	2.07	31.33	2
117	obj117-val55486	3.98	1.95	51.34	3
118	obj118-val55923	7.08	3.22	3.43	3
119	obj119-val56360	4.50	2.43	29.25	4
120	obj120-val56797	6.01	3.40	4.29	3
121	obj121-val57234	3.75	2.40	76.50	3
122	obj122-val57671	3.49	2.33	72.35	3
123	obj123-val58108	3.88	2.55	81.57	3
124	obj124-val58545	3.43	0.92	14.74	1
125	obj125-val58982	5.54	3.98	85.36	3
126	obj126-val59855	6.43	3.08	3.65	4
127	obj127-val60292	4.93	3.84	8.97	3
128	obj128-val60729	5.91	2.95	18.43	3
129	obj129-val61166	4.63	1.99	9.73	4
130	obj130-val61603	7.07	5.43	68.88	3
131	obj131-val62040	4.12	3.44	6.12	4
132	obj132-val62477	6.53	3.21	27.70	3
133	obj133-val63351	6.36	2.93	71.94	5
134	obj134-val63787	3.15	1.62	57.72	3
135	obj135-val64224	3.33	1.97	79.70	4
136	obj136-val64661	4.22	2.71	84.09	4
137	obj137-val65098	1.06	0.71	29.74	1
138	obj138-val65535	4.51	1.15	73.50	2
