 	objlabelArray	fx0array	fy0array	fz0array	fx1array	fy1array	fz1array
1	obj1-val4161	183.35	35.10	1.31	178.27	26.08	2.46
2	obj2-val4681	163.34	22.30	1.80	153.50	24.93	3.12
3	obj3-val5201	190.40	23.45	0.49	186.47	25.58	3.61
4	obj4-val5721	162.20	31.32	1.97	151.37	26.40	2.62
5	obj5-val6241	189.42	30.50	0.98	201.06	34.44	5.25
6	obj6-val6762	198.28	21.65	1.31	200.41	20.01	4.43
7	obj7-val7282	115.29	22.63	2.13	112.50	23.12	4.76
8	obj8-val7802	209.10	18.20	2.13	210.90	14.27	4.76
9	obj9-val8322	182.53	13.94	2.30	195.98	13.28	3.61
10	obj10-val8842	164	22.47	1.31	166.79	19.19	7.38
11	obj11-val9362	178.27	34.93	1.31	183.02	34.44	6.40
12	obj12-val9882	203.85	25.91	2.62	202.21	21.65	5.25
13	obj13-val10402	146.94	25.91	2.79	150.88	37.06	5.74
14	obj14-val10923	137.60	30.67	2.62	145.63	35.75	5.58
15	obj15-val11443	172.69	17.38	1.97	180.73	11.97	6.23
16	obj16-val11963	184.34	36.90	0.98	188.27	36.57	5.74
17	obj17-val12483	173.68	31.65	0.49	172.20	35.26	6.40
18	obj18-val13003	197.95	24.93	1.31	196.96	26.57	8.04
19	obj19-val13523	116.11	27.72	3.12	111.36	33.29	6.07
20	obj20-val14043	176.30	31.16	1.31	179.25	31.82	6.89
21	obj21-val14563	164.82	18.53	1.97	167.44	16.56	7.22
22	obj22-val15083	186.63	22.80	0.16	188.44	24.44	7.54
23	obj23-val15604	162.85	25.09	2.30	168.26	26.90	8.20
24	obj24-val16124	203.03	28.21	2.30	208.94	33.13	6.23
25	obj25-val16644	190.73	34.77	1.80	198.77	35.42	6.07
26	obj26-val17164	161.70	34.93	2.30	169.08	38.54	5.25
27	obj27-val17684	179.74	21.16	1.97	188.11	10.99	6.07
28	obj28-val18204	124.48	20.50	3.77	134.15	11.81	7.05
29	obj29-val18724	173.02	19.68	0.98	170.56	21.48	8.04
30	obj30-val19244	169.74	27.22	1.31	172.86	25.58	8.20
31	obj31-val19765	193.85	25.91	0.98	199.92	31.65	7.05
32	obj32-val20285	188.60	31.49	1.15	187.62	31.16	7.22
33	obj33-val20805	207.62	27.06	2.46	218.94	29.52	6.89
34	obj34-val21325	181.06	27.06	1.97	186.30	29.03	7.54
35	obj35-val21845	128.58	27.88	3.28	137.43	33.95	6.89
36	obj36-val22365	197.62	14.76	2.30	206.48	14.43	7.22
37	obj37-val22885	159.41	18.86	2.13	163.34	17.55	7.71
38	obj38-val23405	181.22	20.17	1.48	187.94	24.11	7.87
39	obj39-val23925	170.89	22.96	1.80	167.77	23.45	8.20
40	obj40-val24446	206.15	23.45	2.30	211.23	22.63	8.04
41	obj41-val24966	168.92	29.03	1.48	172.04	31.00	7.54
42	obj42-val25486	151.21	27.06	2.46	152.36	33.78	7.38
43	obj43-val26006	189.09	17.71	2.13	194.01	14.92	7.22
44	obj44-val26526	188.11	18.04	1.80	188.76	19.35	8.04
45	obj45-val27046	201.23	27.39	1.97	198.11	21.65	7.87
46	obj46-val27566	191.55	27.88	1.80	187.78	25.91	7.38
47	obj47-val28086	177.45	17.88	1.48	183.02	18.53	7.38
48	obj48-val28607	134.15	21.81	2.79	145.30	16.24	7.87
49	obj49-val29127	135.46	23.12	3.28	144.65	19.68	7.54
50	obj50-val29647	159.74	27.39	1.80	163.18	28.54	8.36
51	obj51-val30167	153.67	15.58	3.28	164.49	13.61	6.40
52	obj52-val30687	173.02	17.22	2.46	175.32	16.40	7.54
53	obj53-val31207	120.54	20.17	3.61	128.41	12.46	7.05
54	obj54-val31727	175.97	20.83	2.30	174.66	22.63	8.04
55	obj55-val32247	213.20	18.37	4.26	221.56	24.44	7.71
56	obj56-val32768	192.70	23.94	2.30	193.19	25.42	8.20
57	obj57-val33288	201.56	27.55	1.97	212.87	25.75	7.87
58	obj58-val33808	114.96	26.40	3.61	120.05	32.14	7.05
59	obj59-val34328	123.82	26.24	3.94	128.58	35.26	6.07
60	obj60-val34848	135.30	13.45	3.61	143.17	12.46	7.38
61	obj61-val35368	151.54	20.50	2.79	157.44	15.25	7.22
62	obj62-val35888	178.60	22.30	2.30	182.37	23.94	8.20
63	obj63-val36408	176.30	27.39	2.46	178.92	25.26	8.20
64	obj64-val36928	165.80	28.70	2.30	168.76	29.68	7.87
65	obj65-val37449	195.49	15.74	2.30	201.39	15.25	7.38
66	obj66-val37969	205.49	20.01	2.79	211.07	16.89	7.87
67	obj67-val38489	163.18	21.98	1.97	162.69	23.62	8.69
68	obj68-val39009	146.94	20.66	2.95	150.06	21.65	8.86
69	obj69-val39529	195.00	22.80	2.79	200.57	18.20	7.71
70	obj70-val40049	107.91	23.62	4.26	94.63	24.60	5.25
71	obj71-val40569	93.81	24.60	5.08	83.15	24.44	5.90
72	obj72-val41089	151.54	25.58	3.28	161.05	28.21	8.36
73	obj73-val41610	145.80	26.57	2.79	142.35	29.03	8.86
74	obj74-val42130	127.43	26.40	3.28	139.73	31.65	8.04
75	obj75-val42650	133.82	28.70	2.79	147.60	33.29	7.22
76	obj76-val43170	149.24	16.73	3.28	145.63	14.43	7.71
77	obj77-val43690	110.37	23.94	3.94	112.01	15.58	6.89
78	obj78-val44210	128.74	23.45	4.10	142.02	22.47	8.20
79	obj79-val44730	150.72	25.91	2.95	150.88	23.45	9.02
80	obj80-val45250	115.29	24.76	3.77	123.33	31.00	7.87
81	obj81-val45770	132.35	25.26	2.79	140.38	29.03	9.02
82	obj82-val46291	151.21	26.24	2.46	147.44	31.16	8.36
83	obj83-val46811	201.39	18.53	3.77	203.85	19.19	7.87
84	obj84-val47331	156.13	19.84	2.79	160.39	21.65	8.69
85	obj85-val47851	148.91	25.09	3.44	143.66	21.48	9.02
86	obj86-val48371	123.98	25.42	3.44	130.87	31.00	7.87
87	obj87-val48891	45.92	10.99	6.72	36.74	12.46	7.22
88	obj88-val49411	130.05	20.83	3.12	138.58	14.76	8.04
89	obj89-val49931	179.91	25.75	1.97	184.50	27.06	8.04
90	obj90-val50452	65.27	27.55	6.40	77.74	32.31	6.40
91	obj91-val50972	105.78	17.71	6.23	91.51	19.52	6.72
92	obj92-val51492	158.75	31.49	3.94	155.64	30.67	8.20
93	obj93-val52012	123.66	21.98	4.26	131.20	14.10	7.54
94	obj94-val52532	129.89	21.65	3.77	144.81	19.02	8.36
95	obj95-val53052	153.67	24.60	3.28	157.60	22.47	9.02
96	obj96-val53572	127.26	23.94	4.43	136.94	26.73	8.69
97	obj97-val54092	219.27	26.40	5.41	216.97	27.39	7.54
98	obj98-val54613	77.24	31.00	6.89	91.02	32.31	7.22
99	obj99-val55133	204.34	25.91	3.77	200.41	22.80	8.04
100	obj100-val55653	82	34.60	6.72	65.60	35.92	7.87
101	obj101-val56173	119.56	22.30	4.10	110.70	22.80	8.36
102	obj102-val56693	126.44	23.78	4.43	115.29	25.26	7.54
103	obj103-val57213	64.78	21.32	5.74	59.37	20.17	8.69
104	obj104-val57733	72.82	20.34	5.58	81.34	18.70	8.36
105	obj105-val58253	129.40	21.48	3.61	133.50	20.83	9.02
106	obj106-val58773	213.36	16.56	5.58	215.99	25.58	7.71
107	obj107-val59294	61.99	26.90	5.90	54.45	29.03	9.68
108	obj108-val59814	52.15	27.39	6.07	46.90	34.60	8.53
109	obj109-val60334	63.14	28.37	5.90	71.83	33.46	8.20
110	obj110-val60854	62.65	30.18	5.41	53.79	32.31	9.18
111	obj111-val61374	39.20	22.30	8.53	53.14	21.81	9.18
112	obj112-val61894	64.94	25.75	6.23	78.72	20.99	8.20
113	obj113-val62414	70.68	19.52	6.40	61.34	21.48	9.51
114	obj114-val62934	28.21	24.44	8.36	37.56	22.63	8.69
115	obj115-val63455	76.10	25.91	6.07	90.36	24.93	7.54
116	obj116-val63975	67.24	26.08	6.23	79.05	25.75	9.18
117	obj117-val64495	62.98	25.58	6.40	55.43	22.14	9.84
118	obj118-val65015	74.13	27.72	6.07	84.79	28.54	8.36
119	obj119-val65535	66.42	26.40	6.40	78.23	31.49	9.02
