 	objlabelArray	fx0array	fy0array	fz0array	fx1array	fy1array	fz1array
1	obj1-val2657	120.54	25.75	1.15	116.28	24.76	4.26
2	obj2-val3100	144.48	19.84	1.80	137.76	24.27	3.61
3	obj3-val3542	125.30	21.16	2.46	121.69	22.63	4.59
4	obj4-val3985	161.38	29.03	2.46	170.23	28.37	4.92
5	obj5-val4428	114.64	28.04	1.64	114.96	30.83	5.41
6	obj6-val4871	154.16	29.52	1.97	157.44	33.29	4.76
7	obj7-val5314	99.38	29.03	2.79	105.12	27.22	4.59
8	obj8-val5756	105.78	38.70	0	98.24	30.83	6.89
9	obj9-val6642	121.85	35.42	1.80	115.95	42.97	6.07
10	obj10-val7085	135.79	17.38	2.62	144.81	9.35	6.23
11	obj11-val7528	143.83	17.55	2.30	152.68	10.66	7.22
12	obj12-val7970	121.69	31.32	2.95	129.89	32.80	5.25
13	obj13-val8856	130.38	18.04	2.79	134.97	10.99	6.40
14	obj14-val9299	138.42	9.18	2.30	132.68	4.76	5.41
15	obj15-val9742	159.57	31.49	2.46	164	38.21	7.38
16	obj16-val10627	57.56	19.19	3.44	63.14	17.22	6.56
17	obj17-val11070	133.66	29.03	2.62	135.30	36.24	7.38
18	obj18-val11513	116.60	33.95	3.77	128.74	36.90	6.23
19	obj19-val11956	108.90	18.20	3.94	104.30	15.58	5.74
20	obj20-val12399	122.51	17.22	3.12	124.31	11.32	6.23
21	obj21-val12841	144.81	20.99	1.80	149.57	14.43	8.53
22	obj22-val13284	117.26	18.70	2.62	117.92	11.32	6.89
23	obj23-val13727	135.46	16.73	2.46	139.24	13.28	7.87
24	obj24-val14170	174.33	19.84	3.77	179.42	20.99	8.36
25	obj25-val14613	134.32	25.91	2.62	130.22	29.85	6.72
26	obj26-val15055	159.24	28.21	2.79	164.98	30.83	9.35
27	obj27-val15498	113.98	20.34	2.46	113.16	15.09	8.20
28	obj28-val15941	65.44	19.35	3.44	72.98	16.56	7.05
29	obj29-val16384	83.97	30.67	4.10	92.66	30.01	7.54
30	obj30-val16827	75.28	22.63	3.28	69.54	23.45	8.04
31	obj31-val17269	137.92	28.37	2.46	136.94	33.29	8.04
32	obj32-val17712	149.57	27.22	2.46	144.32	34.77	8.36
33	obj33-val18155	141.53	28.70	2.13	140.38	34.44	8.20
34	obj34-val18598	128.41	20.66	2.95	134.81	12.46	7.87
35	obj35-val19041	53.96	25.91	3.94	44.61	22.96	7.22
36	obj36-val19483	141.86	27.72	2.13	143.50	32.64	8.86
37	obj37-val19926	151.21	20.50	2.13	156.13	18.53	9.02
38	obj38-val20369	108.08	22.63	3.12	108.08	16.07	6.72
39	obj39-val20812	122.84	25.91	2.46	128.25	24.44	9.18
40	obj40-val21255	83.64	26.08	4.26	92.33	23.29	6.89
41	obj41-val21697	122.34	32.14	3.28	134.15	34.93	7.54
42	obj42-val22140	72.65	35.26	5.74	63.30	34.28	7.05
43	obj43-val22583	129.07	23.12	2.79	128.74	15.25	7.87
44	obj44-val23026	129.89	22.80	2.62	132.84	16.40	8.04
45	obj45-val23469	127.92	23.78	2.62	128.41	31.32	8.36
46	obj46-val23911	115.46	33.13	3.77	127.43	35.75	7.54
47	obj47-val24354	54.78	13.94	6.07	46.58	15.42	6.56
48	obj48-val24797	137.60	23.45	3.12	137.43	17.71	9.02
49	obj49-val25240	94.14	23.12	3.77	89.54	19.68	6.72
50	obj50-val25683	150.55	25.91	2.30	154.32	30.01	9.02
51	obj51-val26125	60.84	29.19	4.10	53.79	34.11	7.22
52	obj52-val26568	166.30	32.96	3.28	170.89	32.47	8.53
53	obj53-val27011	144.98	35.92	3.44	148.42	35.59	8.04
54	obj54-val27454	153.67	17.22	2.13	156.78	12.63	8.04
55	obj55-val27897	118.74	19.68	3.94	124.31	12.30	7.38
56	obj56-val28339	86.92	18.37	4.43	91.18	16.07	7.05
57	obj57-val28782	53.30	19.52	4.26	59.70	15.91	7.05
58	obj58-val29225	39.52	17.06	6.40	27.06	21.81	7.05
59	obj59-val29668	152.52	22.80	2.95	155.80	21.48	9.35
60	obj60-val30111	59.70	23.62	4.26	54.28	25.42	8.20
61	obj61-val30553	149.73	25.75	2.46	146.29	29.52	9.51
62	obj62-val30996	142.19	19.02	2.62	146.78	10.66	7.54
63	obj63-val31439	170.23	15.09	4.43	181.55	16.07	9.18
64	obj64-val31882	52.81	19.68	4.43	39.36	18.04	7.05
65	obj65-val32325	64.94	23.78	3.61	72.00	17.71	7.54
66	obj66-val32768	71.83	18.86	5.41	81.51	20.99	7.38
67	obj67-val33210	100.20	20.83	4.10	101.84	28.37	8.04
68	obj68-val33653	112.67	25.75	3.94	102.99	29.36	8.36
69	obj69-val34096	118.41	28.70	2.95	125.62	30.50	8.69
70	obj70-val34539	99.71	29.03	3.94	107.09	35.10	7.71
71	obj71-val34982	154.16	28.70	2.62	156.29	32.80	9.02
72	obj72-val35424	115.13	35.59	4.59	119.56	37.23	8.20
73	obj73-val35867	164.49	16.56	3.61	171.22	12.96	8.20
74	obj74-val36310	76.26	28.37	4.10	92.50	30.18	7.71
75	obj75-val36753	66.91	28.70	3.94	75.44	33.46	7.05
76	obj76-val37196	160.23	21.65	2.46	162.69	12.30	8.04
77	obj77-val37638	161.38	20.01	3.28	158.75	19.02	9.35
78	obj78-val38081	116.93	22.63	3.77	113.82	17.22	8.53
79	obj79-val38524	114.31	24.76	4.59	109.06	16.73	8.53
80	obj80-val38967	65.44	25.09	4.59	56.42	18.37	8.04
81	obj81-val39410	144.65	23.29	3.44	148.42	22.14	9.84
82	obj82-val39852	43.79	24.76	5.08	33.95	24.44	7.05
83	obj83-val40295	64.78	25.75	4.26	55.92	25.58	8.36
84	obj84-val40738	111.52	22.80	4.26	103.81	28.54	8.69
85	obj85-val41181	154.49	24.44	3.61	157.28	29.19	9.35
86	obj86-val41624	11.32	28.70	6.40	3.28	29.19	7.87
87	obj87-val42066	94.79	24.93	3.94	101.68	29.68	8.20
88	obj88-val42509	42.48	32.96	6.72	32.64	30.34	7.54
89	obj89-val42952	156.95	34.44	5.08	165.48	34.11	8.20
90	obj90-val43395	137.92	36.41	4.92	136.94	35.92	7.71
91	obj91-val43838	57.24	20.01	5.90	45.76	21.81	7.38
92	obj92-val44280	116.44	24.93	4.26	126.44	24.76	9.18
93	obj93-val44723	3.12	21.65	6.89	13.28	20.99	7.22
94	obj94-val45166	156.62	24.93	3.61	163.84	25.75	9.51
95	obj95-val45609	70.03	28.86	4.92	82.49	28.86	8.20
96	obj96-val46052	51.17	27.55	4.59	42.15	31.16	8.04
97	obj97-val46494	158.92	30.83	2.62	161.54	29.03	9.51
98	obj98-val46937	66.58	28.70	3.94	65.27	31.32	8.53
99	obj99-val47380	70.52	30.83	3.77	82.66	32.80	7.22
100	obj100-val47823	108.40	30.18	3.94	118.41	34.60	8.04
101	obj101-val48266	142.02	19.52	2.95	147.27	16.24	9.02
102	obj102-val48708	162.03	20.50	2.62	165.97	18.04	9.02
103	obj103-val49151	165.31	21.65	4.43	172.69	25.09	9.68
104	obj104-val49594	148.42	25.09	3.61	152.36	22.80	9.68
105	obj105-val50037	52.97	26.40	4.43	42.97	25.42	8.69
106	obj106-val50480	115.46	25.75	3.77	124.31	26.40	9.35
107	obj107-val50922	22.30	29.36	6.56	17.38	31.32	7.87
108	obj108-val51365	119.23	21.16	2.79	123.82	19.02	8.69
109	obj109-val51808	141.20	21.32	3.61	142.84	18.70	9.68
110	obj110-val52251	177.78	25.26	5.08	184.50	22.47	9.51
111	obj111-val52694	140.06	25.09	3.44	143.99	21.98	9.84
112	obj112-val53136	64.62	25.91	4.26	48.22	27.72	8.53
113	obj113-val53579	64.45	26.40	4.43	49.86	30.34	8.36
114	obj114-val54022	149.57	35.59	5.74	158.26	35.10	8.20
115	obj115-val54465	168.26	18.70	4.76	175.64	19.52	9.51
116	obj116-val54908	113.32	26.40	4.26	119.56	26.57	9.18
117	obj117-val55351	150.22	22.47	2.79	152.68	18.20	9.35
118	obj118-val55793	133.50	22.14	4.10	137.76	29.52	9.02
119	obj119-val56236	65.76	26.08	4.10	69.04	29.52	8.36
120	obj120-val56679	135.30	25.75	2.79	144.48	28.04	9.51
121	obj121-val57122	172.53	37.06	6.56	185.48	31.82	8.04
122	obj122-val57565	113.82	25.09	4.59	106.27	28.37	8.86
123	obj123-val58007	130.87	23.78	2.62	129.56	25.75	9.35
124	obj124-val58450	170.23	26.90	4.92	167.12	28.21	9.51
125	obj125-val58893	50.84	30.34	5.25	46.58	31.49	8.20
126	obj126-val59336	174.50	25.42	4.26	178.60	23.62	9.68
127	obj127-val59779	180.07	29.36	6.07	191.06	23.62	9.35
128	obj128-val60221	44.12	25.58	5.08	33.78	27.39	8.04
129	obj129-val60664	21.48	28.37	6.40	33.13	29.36	7.87
130	obj130-val61107	180.40	18.70	6.23	178.76	19.52	9.68
131	obj131-val61550	163.67	22.80	3.77	167.94	24.60	9.51
132	obj132-val61993	178.92	29.52	6.56	172.20	33.78	8.86
133	obj133-val62435	104.30	17.55	4.10	105.78	23.29	13.12
134	obj134-val62878	73.96	27.88	5.74	69.37	29.52	8.36
135	obj135-val63321	177.61	27.39	5.90	181.22	22.14	9.51
136	obj136-val64207	90.53	26.73	4.59	104.80	25.75	11.81
137	obj137-val64649	24.76	26.08	7.54	4.92	28.86	12.96
138	obj138-val65092	74.62	26.73	3.77	82.49	25.42	11.15
139	obj139-val65535	167.28	30.01	7.38	170.72	31.16	9.18
